object={
	name="tree_palm_generator_1_0"
	render_pass=Map
	clamp_to_water_level=no
	generated_content=yes
	layer="tree_high_layer"
	pdxmesh="tree_palm_01_a_mesh"
	count=8
	transform="9266.201172 0.000000 6224.703125 0.000000 0.199949 0.000000 0.979806 0.514280 0.514280 0.514280
9238.329102 0.000000 6253.617188 0.000000 0.840808 0.000000 -0.541333 0.833554 0.833554 0.833554
9266.017578 0.000000 6227.671387 0.000000 0.696199 0.000000 0.717849 0.657461 0.657461 0.657461
9268.565430 0.000000 6224.666992 0.000000 0.939079 0.000000 0.343702 0.677436 0.677436 0.677436
9239.914062 0.000000 6253.250977 0.000000 0.485845 0.000000 0.874045 0.451705 0.451705 0.451705
9238.778320 0.000000 6252.078613 0.000000 0.339372 0.000000 0.940652 0.414096 0.414096 0.414096
9348.495117 0.000000 6244.329590 0.000000 0.980313 0.000000 -0.197448 0.715839 0.715839 0.715839
9371.694336 0.000000 6336.527832 0.000000 0.629588 0.000000 0.776929 0.629094 0.629094 0.629094
"}
